Full Datasets for all 8 Black-Box Functions (updated with week 5's obtained query output)
Data Format: #. ([inputs separated by space], output)

Function 1 datapoints after week 5 are:

1. ([0.31940389 0.76295937], 1.3226770395454077e-79)
2. ([0.57432921 0.8798981 ], 1.0330782375230975e-46)
3. ([0.73102363 0.73299988], 7.710875114502849e-16)
4. ([0.84035342 0.26473161], 3.341771007676023e-124)
5. ([0.65011406 0.68152635], -0.0036060626443634764)
6. ([0.41043714 0.1475543 ], -2.1592490357331095e-54)
7. ([0.31269116 0.07872278], -2.0890932702320842e-91)
8. ([0.68341817 0.86105746], 2.5350011535584046e-40)
9. ([0.08250725 0.40348751], 3.6067711901420254e-81)
10. ([0.88388983 0.58225397], 6.229856468168659e-48)
11. ([0.082507 0.127279], 4.096685768599212e-141)
12. ([0.415414 0.114355], 2.56124484034136e-66)
13. ([0.599447 0.434255], 4.363936459722764e-23)
14. ([0.857585 0.34896 ], -6.136546579871625e-92)
15. ([0.110349 0.652552], -4.211166735663064e-105)

Function 2 datapoints after week 5 are:

1. ([0.66579958 0.12396913], 0.5389961189269181)
2. ([0.87779099 0.7786275 ], 0.42058623962798264)
3. ([0.14269907 0.34900513], -0.06562362443733738)
4. ([0.84527543 0.71112027], 0.293992912410866)
5. ([0.45464714 0.29045518], 0.2149645101004509)
6. ([0.57771284 0.77197318], 0.023105549798190586)
7. ([0.43816606 0.68501826], 0.24461934400448035)
8. ([0.34174959 0.02869772], 0.0387490151561584)
9. ([0.33864816 0.21386725], -0.013857618149729824)
10. ([0.70263656 0.9265642 ], 0.6112052157614438)
11. ([0.142699 0.926564], -0.00966769031009422)
12. ([0.875401 0.261656], 0.45089570697699877)
13. ([0.856522 0.924577], 0.09573287982128298)
14. ([0.872435 0.035003], 0.03302379032626812)
15. ([0.699621 0.911734], 0.6718657266947885)

Function 3 datapoints after week 5 are:

1. ([0.17152521 0.34391687 0.2487372 ], -0.11212220046256897)
2. ([0.24211446 0.64407427 0.27243281], -0.08796286022736445)
3. ([0.53490572 0.39850092 0.17338873], -0.111414654295324)
4. ([0.49258141 0.61159319 0.34017639], -0.034835313350078584)
5. ([0.13462167 0.21991724 0.45820622], -0.04800758439218157)
6. ([0.34552327 0.94135983 0.26936348], -0.11062091307282658)
7. ([0.15183663 0.43999062 0.99088187], -0.3989255131463011)
8. ([0.64550284 0.39714294 0.91977134], -0.11386851478863991)
9. ([0.74691195 0.28419631 0.22629985], -0.13146060864136055)
10. ([0.17047699 0.6970324  0.14916943], -0.09418956091057398)
11. ([0.22054934 0.29782524 0.34355534], -0.04694740582651916)
12. ([0.66601366 0.67198515 0.2462953 ], -0.10596503573558178)
13. ([0.04680895 0.23136024 0.77061759], -0.11804825644688696)
14. ([0.60009728 0.72513573 0.06608864], -0.036377828071632486)
15. ([0.96599485 0.86111969 0.56682913], -0.05675837155397648)
16. ([0.848029 0.940905 0.941748], -0.2351431740779782)
17. ([0.419011 0.939562 0.812211], -0.07227582343159358)
18. ([0.414655 0.783304 0.962548], -0.2788098929413194)
19. ([0.859431 0.22155  0.672828], -0.1409899026753862)
20. ([0.147456 0.816221 0.862473], -0.04368221705339237)

Function 4 datapoints after week 5 are:

1. ([0.89698105 0.72562797 0.17540431 0.70169437], -22.108287785435817)
2. ([0.8893564  0.49958786 0.53926886 0.50878344], -14.601396631953161)
3. ([0.25094624 0.03369313 0.14538002 0.49493242], -11.699932463834426)
4. ([0.34696206 0.0062504  0.76056361 0.61302356], -16.053765110568296)
5. ([0.12487118 0.12977019 0.38440048 0.2870761 ], -10.069633426012889)
6. ([0.80130271 0.50023109 0.70664456 0.19510284], -15.487082537755288)
7. ([0.24770826 0.06044543 0.04218635 0.44132425], -12.68168497681565)
8. ([0.74670224 0.7570915  0.36935306 0.20656628], -16.02639976898352)
9. ([0.40066503 0.07257425 0.88676825 0.24384229], -17.049234647535723)
10. ([0.6260706  0.58675126 0.43880578 0.77885769], -12.741765988316185)
11. ([0.95713529 0.59764438 0.76611385 0.77620991], -27.316396356142608)
12. ([0.73281243 0.14524998 0.47681272 0.13336573], -13.527648872277506)
13. ([0.65511548 0.07239183 0.68715175 0.08151656], -16.679115197479913)
14. ([0.21973443 0.83203134 0.48286416 0.08256923], -16.50715856428234)
15. ([0.48859419 0.2119651  0.93917791 0.37619173], -17.81799933882949)
16. ([0.16713049 0.87655456 0.21723954 0.95980098], -26.561820829779602)
17. ([0.21691119 0.16608583 0.24137226 0.77006248], -12.758324216781741)
18. ([0.38748784 0.80453226 0.75179548 0.72382744], -19.441557624451722)
19. ([0.98562189 0.66693268 0.15678328 0.8565348 ], -28.90327367383377)
20. ([0.03782483 0.66485335 0.16198218 0.25392378], -13.702746938161251)
21. ([0.68348638 0.9027701  0.33541983 0.99948256], -29.427091401989347)
22. ([0.17034731 0.75695908 0.27652049 0.5312315 ], -11.565741989583191)
23. ([0.85965692 0.91959232 0.20613873 0.09779683], -26.857786437773637)
24. ([0.28213837 0.50598691 0.53053084 0.09630162], -7.9667753510303925)
25. ([0.32607578 0.4723669  0.453192   0.10588734], -6.702089254839066)
26. ([0.94838936 0.89451301 0.85163782 0.55219629], -32.625660215962455)
27. ([0.66495539 0.04656628 0.11677747 0.79371778], -19.98949792679556)
28. ([0.57776561 0.42877174 0.42582587 0.24900741], -4.025542281908162)
29. ([0.73861301 0.48210263 0.70936644 0.50397001], -13.122782331852594)
30. ([0.8548108  0.49396462 0.73530997 0.80809201], -23.139428397634813)
31. ([0.542342 0.504997 0.073079 0.453725], -8.23843595147088)
32. ([0.45588  0.542753 0.434031 0.403054], -2.381858231019844)
33. ([0.498733 0.495073 0.396022 0.391211], -2.8380127224315106)
34. ([0.404668 0.058201 0.198268 0.174876], -10.732192296272974)
35. ([0.412271 0.462352 0.395236 0.371453], -0.6169451458362327)

Function 5 datapoints after week 5 are:

1. ([0.19144708 0.03819337 0.60741781 0.41458414], 64.443439863301)
2. ([0.75865295 0.53651774 0.65600038 0.36034155], 18.30137959857266)
3. ([0.43834987 0.8043397  0.21024527 0.15129482], 0.1129397953712203)
4. ([0.70605083 0.53419196 0.26424335 0.48208755], 4.210898128938665)
5. ([0.83647799 0.19360965 0.6638927  0.78564888], 258.3705254462536)
6. ([0.68343225 0.11866264 0.82904591 0.56757661], 78.43438888779464)
7. ([0.55362148 0.66734998 0.32380582 0.81486975], 57.57153693261287)
8. ([0.35235627 0.32224153 0.11697937 0.47311252], 109.5718755614928)
9. ([0.15378571 0.72938169 0.42259844 0.44307417], 8.847991759070865)
10. ([0.46344227 0.63002451 0.10790646 0.9576439 ], 233.22361017104996)
11. ([0.67749115 0.35850951 0.47959222 0.07288048], 24.423088313942344)
12. ([0.58397341 0.14724265 0.34809746 0.42861465], 64.42014681963983)
13. ([0.30688872 0.31687813 0.62263448 0.09539906], 63.47671578508436)
14. ([0.51114177 0.817957   0.72871042 0.11235362], 79.72912992694343)
15. ([0.43893338 0.77409176 0.37816709 0.93369621], 355.8068177560159)
16. ([0.22418902 0.84648049 0.87948418 0.87851568], 1088.8596181962705)
17. ([0.72526172 0.47987049 0.08894684 0.75976022], 28.866751637393822)
18. ([0.35548161 0.63961937 0.41761768 0.12260384], 45.181570346703786)
19. ([0.11987923 0.86254031 0.64333133 0.84980383], 431.6127567592104)
20. ([0.12688467 0.15342962 0.77016219 0.19051811], 9.972331894593824)
21. ([0.244207 0.771799 0.857037 0.866609], 702.145429225641)
22. ([0.235624 0.815484 0.708864 0.909154], 592.4768424078746)
23. ([0.368414 0.850643 0.665287 0.878   ], 533.5766421094867)
24. ([0.678874 0.419125 0.615527 0.913164], 271.9356208574997)
25. ([0.468636 0.834361 0.876436 0.928047], 1379.4790239334577)

Function 6 datapoints after week 5 are:

1. ([0.7281861  0.15469257 0.73255167 0.69399651 0.05640131], -0.7142649478202404)
2. ([0.24238435 0.84409997 0.5778091  0.67902128 0.50195289], -1.2099552446764819)
3. ([0.72952261 0.7481062  0.67977464 0.35655228 0.67105368], -1.6721999396105658)
4. ([0.77062024 0.11440374 0.04677993 0.64832428 0.27354905], -1.5360577085694833)
5. ([0.6188123  0.33180214 0.18728787 0.75623847 0.3288348 ], -0.8292365522578722)
6. ([0.78495809 0.91068235 0.7081201  0.95922543 0.0049115 ], -1.2470489267904978)
7. ([0.14511079 0.8966846  0.89632223 0.72627154 0.23627199], -1.2337863805718483)
8. ([0.94506907 0.28845905 0.97880576 0.96165559 0.59801594], -1.6943434420704928)
9. ([0.12572016 0.86272469 0.02854433 0.24660527 0.75120624], -2.5711696316081234)
10. ([0.75759436 0.35583141 0.0165229  0.4342072  0.11243304], -1.309116352823696)
11. ([0.5367969  0.30878091 0.41187929 0.38822518 0.5225283 ], -1.1447848512705794)
12. ([0.95773967 0.23566857 0.09914585 0.15680593 0.07131737], -1.9126771431925136)
13. ([0.6293079  0.80348368 0.81140844 0.04561319 0.11062446], -1.622838951777173)
14. ([0.02173531 0.42808424 0.83593944 0.48948866 0.51108173], -1.3566821093823407)
15. ([0.43934426 0.69892383 0.42682022 0.10947609 0.87788847], -2.018425399374782)
16. ([0.25890557 0.79367771 0.6421139  0.19667346 0.59310318], -1.7025578405650035)
17. ([0.43216593 0.71561781 0.3418191  0.70499988 0.61496184], -1.2942469649550403)
18. ([0.78287982 0.53633586 0.44328356 0.85969983 0.01032599], -0.9357565553342914)
19. ([0.9217762  0.93187122 0.41487637 0.59505727 0.73562569], -2.1557677641786004)
20. ([0.12667892 0.2914703  0.06452848 0.6805146  0.89281919], -1.7468820870493065)
21. ([0.221884 0.160418 0.134749 0.942709 0.045224], -1.071904843376369)
22. ([0.432135 0.119634 0.91136  0.845782 0.468342], -0.9628963754055723)
23. ([0.626911 0.819852 0.033831 0.949678 0.232149], -1.657132625759834)
24. ([0.341395 0.470788 0.438098 0.679108 0.200263], -0.5777243911673903)
25. ([0.484232 0.372128 0.585023 0.931801 0.112147], -0.3363871921297036)

Function 7 datapoints after week 5 are:

1. ([0.27262382 0.32449536 0.89710881 0.83295115 0.15406269 0.79586362], 0.6044326958745716)
2. ([0.54300258 0.9246939  0.34156746 0.64648585 0.71844033 0.34313266], 0.5627530668655433)
3. ([0.09083225 0.66152938 0.06593091 0.25857701 0.96345285 0.6402654 ], 0.007503236678049401)
4. ([0.11886697 0.61505494 0.90581639 0.8553003  0.41363143 0.58523563], 0.06142430250355775)
5. ([0.63021764 0.8380969  0.68001305 0.73189509 0.52673671 0.34842921], 0.27304680126759867)
6. ([0.76491917 0.25588292 0.60908422 0.21807904 0.32294277 0.09579366], 0.08374657232015563)
7. ([0.05789554 0.49167222 0.24742222 0.21811844 0.42042833 0.73096984], 1.3649683044991994)
8. ([0.19525188 0.07922665 0.55458046 0.17056682 0.01494418 0.10703171], 0.09264495494793601)
9. ([0.64230298 0.83687455 0.02179269 0.10148801 0.68307083 0.6924164 ], 0.017869598722495817)
10. ([0.78994255 0.19554501 0.57562333 0.07365919 0.25904917 0.05109986], 0.03356493603703717)
11. ([0.52849733 0.45742436 0.36009569 0.36204551 0.81689098 0.63747637], 0.07351630421016164)
12. ([0.72261522 0.01181284 0.06364591 0.16517311 0.07924415 0.35995166], 0.20630969795359433)
13. ([0.07566492 0.33450212 0.13273274 0.60831236 0.91838592 0.82233079], 0.008825633999510857)
14. ([0.94245084 0.37743962 0.48612233 0.22879108 0.08263175 0.71195755], 0.26840031693744637)
15. ([0.14864702 0.03394336 0.72880565 0.31606646 0.02176938 0.51691776], 0.6115255284647864)
16. ([0.81711239 0.54816823 0.10334758 0.12436955 0.72823482 0.44967361], 0.01479818260270181)
17. ([0.41762629 0.06409998 0.24566877 0.5590408  0.19153138 0.25464092], 0.2748925084715891)
18. ([0.72628566 0.46489581 0.92457051 0.8072454  0.6354384  0.14341787], 0.06676324688193327)
19. ([0.31981043 0.52009759 0.29067775 0.87670668 0.49503469 0.6190825 ], 0.0421183545380621)
20. ([0.87987128 0.39796199 0.00363456 0.95699064 0.26451373 0.11486924], 0.0027014650245082332)
21. ([0.54124078 0.63140314 0.03190205 0.44998156 0.79865282 0.63370429], 0.018209073006581165)
22. ([0.22634792 0.11502581 0.82474966 0.94538372 0.90531153 0.95101392], 0.007016027558514625)
23. ([0.68685257 0.04101721 0.00757301 0.285009   0.69156848 0.6555429 ], 0.10050661080108167)
24. ([0.17597754 0.6244165  0.29554198 0.46955276 0.09776977 0.72814108], 0.4753955163956208)
25. ([0.88164674 0.20445019 0.41447436 0.42038468 0.26491501 0.73066019], 0.6751416308956351)
26. ([0.06661051 0.52804507 0.8160952  0.96101714 0.08650933 0.77778822], 0.5164572186199785)
27. ([0.93246638 0.48881189 0.25860774 0.95624344 0.19042781 0.51985176], 0.003777479616578685)
28. ([0.84686697 0.14242917 0.06066859 0.75629213 0.5523983  0.08130609], 0.003134333310934767)
29. ([0.80628208 0.32412237 0.72607601 0.14871213 0.7193764  0.36288398], 0.021342522787312367)
30. ([0.47682313 0.34094195 0.01433523 0.88013956 0.9986547  0.07966402], 0.0954111589101041)
31. ([0.066522 0.630812 0.490041 0.122304 0.139652 0.905171], 0.532195340663087)
32. ([0.504508 0.783686 0.738063 0.394089 0.722103 0.846814], 0.040586716901559135)
33. ([0.102379 0.842827 0.096898 0.123865 0.27322  0.29839 ], 0.15363966796392775)
34. ([0.100526 0.274892 0.786752 0.186999 0.378022 0.948746], 1.4257566939431363)
35. ([0.173267 0.462934 0.539018 0.15372  0.376755 0.850195], 1.53655724155759)

Function 8 datapoints after week 5 are:

1. ([0.60499445 0.29221502 0.90845275 0.35550624 0.20166872 0.57533801 0.31031095 0.73428138], 7.398721101163708)
2. ([0.17800696 0.56622265 0.99486184 0.21032501 0.32015266 0.70790879 0.63538449 0.10713163], 7.005227361900734)
3. ([0.00907698 0.81162615 0.52052036 0.07568668 0.26511183 0.09165169 0.59241515 0.36732026], 8.45948161622808)
4. ([0.50602816 0.65373012 0.36341078 0.17798105 0.0937283  0.19742533 0.7558269  0.29247234], 8.284007811285548)
5. ([0.35990926 0.24907568 0.49599717 0.70921498 0.11498719 0.28920692 0.55729515 0.59388173], 8.606116791392116)
6. ([0.77881834 0.0034195  0.33798313 0.51952778 0.82090699 0.53724669 0.5513471  0.66003209], 8.541747923679363)
7. ([0.90864932 0.0622497  0.23825955 0.76660355 0.13233596 0.99024381 0.68806782 0.74249594], 7.327434575740623)
8. ([0.58637144 0.88073573 0.74502075 0.54603485 0.00964888 0.74899176 0.23090707 0.09791562], 7.299872046566419)
9. ([0.76113733 0.85467239 0.38212433 0.33735198 0.68970832 0.30985305 0.63137968 0.04195607], 7.957874742347002)
10. ([0.9849332  0.69950626 0.9988855  0.18014846 0.58014315 0.231087190.49082694 0.31368272], 5.5921933895401965)
11. ([0.11207131 0.43773566 0.59659878 0.59277563 0.22698177 0.41010452 0.92123758 0.67475276], 7.854540990501387)
12. ([0.79188751 0.57619134 0.69452836 0.28342378 0.13675546 0.27916186 0.84276726 0.62532792], 6.791985783133633)
13. ([0.1435503  0.93741452 0.23232482 0.00904349 0.41457893 0.40932517 0.55377852 0.2058408 ], 8.976554022457023)
14. ([0.76991655 0.45875909 0.55900044 0.69460444 0.50319902 0.72834638 0.78425353 0.66313109], 7.3790829035972365)
15. ([0.05644741 0.06595555 0.02292868 0.03878647 0.40393544 0.80105533 0.48830701 0.89308498], 9.598482002566342)
16. ([0.86243745 0.48273382 0.2818694  0.54410223 0.88749026 0.38265469 0.60190199 0.47646169], 8.159983191736115)
17. ([0.3515119  0.59006494 0.9094363  0.67840835 0.21282566 0.08846038 0.410153   0.19572429], 7.13162396619294)
18. ([0.73590364 0.03461189 0.72803027 0.14742652 0.29574314 0.44511731 0.97517969 0.37433978], 6.767962534878629)
19. ([0.68029397 0.25510465 0.86218799 0.13439582 0.3263292  0.28790687 0.43501048 0.36420013], 7.433744072022712)
20. ([0.04432925 0.01358149 0.25819824 0.57764416 0.05127992 0.15856307 0.59103012 0.07795293], 9.013075145673822)
21. ([0.77834548 0.75114565 0.31414221 0.90298577 0.33538166 0.38632267 0.74897249 0.9887551 ], 7.310893815253165)
22. ([0.89888711 0.5236417  0.87678325 0.21869645 0.90026089 0.28276624 0.91107791 0.47239822], 5.841067313187262)
23. ([0.14512029 0.11932754 0.42088822 0.38760861 0.15542283 0.87517163 0.51055967 0.72861058], 9.141639493309754)
24. ([0.33895442 0.56693202 0.3767511  0.09891573 0.65945169 0.24554809 0.76248278 0.73215347], 8.817558441363609)
25. ([0.17615002 0.29396143 0.97567997 0.79393631 0.92340076 0.03084229 0.80325452 0.59589758], 6.451943125106222)
26. ([0.02894663 0.02827906 0.48137155 0.6131746  0.67266045 0.02211341 0.6014833  0.52488505], 8.83074504574746)
27. ([0.19263987 0.63067728 0.41679584 0.49052929 0.79608602 0.65456706 0.27624119 0.29551759], 9.34427428080805)
28. ([0.94318502 0.21885062 0.72118408 0.42459707 0.986902   0.53518298 0.71474318 0.96009372], 6.887846394035938)
29. ([0.5327214  0.8336926  0.071399   0.11681148 0.73069311 0.93737559 0.86650798 0.127902  ], 8.042212541982503)
30. ([0.44709584 0.84395253 0.72954612 0.63915138 0.40928714 0.13264569 0.03590888 0.44683847], 7.692368045766445)
31. ([0.38222497 0.55713584 0.85310163 0.33379569 0.26572127 0.48087292 0.23764706 0.76863196], 7.923758772464366)
32. ([0.53281953 0.86230848 0.53826712 0.04944293 0.71970119 0.9067059 0.10823094 0.52534791], 8.42175923792568)
33. ([0.39486519 0.33180167 0.7407543  0.69786172 0.73740444 0.783776810.25449546 0.87114551], 8.27806239964175)
34. ([0.98594539 0.87305363 0.07039262 0.05358729 0.73415296 0.52025852 0.81104004 0.10336036], 7.113457163948368)
35. ([0.96457339 0.97397979 0.66375335 0.66221599 0.67312167 0.90523762 0.45887462 0.5609175 ], 6.402588414582601)
36. ([0.47207071 0.16820264 0.08642757 0.45265551 0.48061922 0.62243949 0.92897446 0.11253627], 8.472936316651243)
37. ([0.85600695 0.6388937  0.32619202 0.66850311 0.24029837 0.21029889 0.16754636 0.96358986], 7.977684585372973)
38. ([0.81003174 0.63504604 0.26954758 0.86960534 0.66192159 0.25225873 0.76567003 0.89054867], 7.460872194740431)
39. ([0.79625252 0.00703653 0.35569738 0.48756605 0.74051962 0.7066501 0.99291449 0.38173437], 7.436593526746213)
40. ([0.48124533 0.10246072 0.21948594 0.67732237 0.24750919 0.24434086 0.16382453 0.71596164], 9.1830052453254)
41. ([0.151777 0.053519 0.130057 0.140425 0.793586 0.228455 0.088052 0.146689], 9.8658669584059)
42. ([0.125393 0.140271 0.185385 0.276775 0.800938 0.548871 0.241011 0.938542], 9.9561276549796)
43. ([0.09963  0.123276 0.258201 0.014676 0.676108 0.428684 0.300283 0.822868], 9.8938255194366)
44. ([0.218886 0.196662 0.151832 0.341345 0.671506 0.381056 0.263736 0.043061], 9.8699663885489)
45. ([0.276057 0.075368 0.363907 0.167407 0.866348 0.213796 0.050329 0.527667], 9.6385576915431)
